(ns metaprob.examples.pfcas)(def pfcas [[2.096215583490247E-9 2.3834891809129895E-47 0.0016858753074779857 3.585594691932803E-50 8.65035938516424E-25 2.0789146673563546E-14 1.0547956021749006E-16 0.8727953097432077 7.311199910528665E-27 0.10085903044292882 0.004282018083638272 4.0654048860158575E-5 8.974024531451858E-78 9.693332876760403E-8 1.5955066163586084E-15 0.02033701334432023] [6.4396285216102E-13 5.434679800853971E-68 1.3834524281901777E-6 1.1639550995581752E-72 1.086514081881237E-30 4.563518858591016E-19 2.2570975626419605E-25 0.8961490989262361 6.09179680904127E-32 0.05241306228286411 2.6183461755430117E-4 0.026760507550044648 3.335327121716772E-110 1.4784228208770175E-9 8.153553393098879E-12 0.024414111683652217] [5.105386895342763E-11 1.4272064580542456E-42 1.4721372219664926E-5 2.236038454665814E-46 1.2029247650899148E-27 5.405953092703285E-12 8.851191488715009E-18 0.9571929572146146 7.222948126855951E-28 0.01224463734098658 0.008747819486258246 0.0014418410763097412 4.2232292622604347E-72 1.5957329198275111E-9 1.016060177892183E-11 0.020358021847257626] [2.2971723662161196E-15 0.005507864398198838 2.746533772545375E-14 3.3745202493672785E-9 1.8993434875284612E-38 0.9657874380329919 6.186989403717398E-19 3.7892371488191005E-4 8.034428877437001E-31 1.5182929506127438E-6 0.014655198092964925 0.0011801285293335981 4.0575661622288876E-19 4.62864548639743E-17 4.764378475491099E-5 0.012441281779373222] [0.004624059669484204 1.2155906248156468E-20 0.9675409473541551 8.349014192741654E-19 2.5692108751137618E-12 1.3150239030545738E-11 2.323889110811583E-4 1.0305718727094271E-6 2.3622910586902254E-16 0.0023729359009033325 2.604628773477987E-4 1.302622531514552E-17 2.9529136462901453E-29 3.4600943629663634E-4 5.6938899779950866E-30 0.02462216526313904] [0.955962711550029 2.8775135484659106E-22 3.120073136747538E-6 3.155340848859735E-16 1.3969819394264523E-4 1.1694035224318035E-18 8.951916538248507E-5 5.6577170654016394E-21 2.5011511898467478E-9 1.467245222161063E-8 1.53765149928646E-10 9.46967436163638E-37 2.3039174014419216E-17 0.00532572699765941 1.0657040221609732E-49 0.03847920669248073] [2.4036726187403457E-34 1.0109150142632563E-297 3.5060348171831625E-21 2.4681065036578672E-307 1.7524199593514627E-54 2.059999541302548E-87 8.513611210662653E-94 1.5400131379381646E-11 2.45317576625653E-66 5.109872210076456E-4 1.2742046180311228E-25 0.9994374344156977 0.0 1.417550680002279E-13 6.331571718238874E-17 5.15783477526707E-5] [0.11684400380520714 1.933014061100367E-6 6.779286967373804E-4 0.15169130022673877 2.8777291204982957E-10 7.230867259922609E-11 0.6411957387019385 1.6347904531123086E-13 1.0830572792348795E-12 3.904616160483453E-8 6.519832790227155E-8 2.2321045696589743E-31 0.03661593258434823 1.6130229266232724E-5 2.481623765574512E-40 0.05295692813588508] [1.4945014844634776E-10 0.9128599901866744 3.0842418858890312E-6 3.1759127052781043E-4 6.829419663480939E-25 0.04076110079203718 7.447397004593252E-8 0.005646643992836335 8.91877967950427E-24 7.754752429713249E-4 0.02453074496219077 1.0045374236306038E-4 3.026675509897504E-10 2.3581556906486837E-10 9.383920417590899E-11 0.015004840312770863] [0.04745146209644369 2.1348596886789072E-4 0.11095332008344358 0.08156807573886701 1.6948728731676375E-8 1.8628715069374727E-9 0.5801141405574209 6.789938014107329E-11 6.612533680524356E-13 0.004605293841934998 9.674406760179696E-5 2.39590050940952E-19 0.013027033995804967 0.0032152664511924376 4.142560204407857E-32 0.15875515831826215] [1.9933709940082792E-19 2.0179758576706168E-4 3.1875641237235687E-20 4.288127699504587E-12 1.8722217178788048E-42 0.9510515193057134 6.970417030648868E-23 6.128363893728884E-8 7.321286859489066E-33 2.26255230660042E-9 1.5741280357178965E-4 1.2009367729433645E-4 1.1261579102122857E-19 1.7533381106660827E-19 0.03283258040033141 0.01563653267684257] [1.009326645052291E-10 0.9475837126131617 2.6508553728461168E-8 4.4775835322660403E-4 2.1496876633796673E-31 0.016898720852462894 8.836042853686262E-13 0.0037990870983498483 2.2776127786664646E-27 1.539971927470532E-4 0.020648648179723176 3.5356856819866793E-7 8.561524758347157E-14 1.3967899983347615E-13 1.5240700773019534E-12 0.010467695529640938] [0.2551527110543214 1.9339699341341962E-11 3.2682394121350377E-7 1.8501098097016772E-4 1.8159172758581712E-5 2.0043848323341246E-15 0.004802836729366808 6.010646328063971E-22 5.568290655542241E-9 4.239820016556306E-10 1.5430316695234406E-10 1.329634517905505E-37 0.725044641982029 3.0750593324407945E-5 7.923930784894823E-47 0.014765556497370975] [2.3332847877909483E-5 2.183323183367254E-37 1.233526815472474E-35 4.61542372837882E-25 0.9642546450715913 1.1213542541046851E-42 1.1718554119524844E-19 1.221873072143356E-66 0.007447245933233291 6.6850502698226E-29 1.647026248236726E-34 1.90097288356694E-94 6.663861447475852E-4 3.032434447988424E-6 2.4237135161084494E-105 0.027605357568101892] [2.1036372561395535E-24 1.0950030292049009E-10 2.8258359176283525E-28 4.313424907643418E-21 4.699564270728061E-50 0.03135498591459896 5.49695637518655E-31 3.7994574384178124E-12 2.8312329045312334E-37 4.421041904386274E-12 1.1096395063493315E-6 1.1531279414840163E-5 2.9450565594917086E-29 1.3623543260100435E-22 0.9423622735104681 0.02627009953829095] [0.0037894857091820785 0.001537894451399245 0.07949492762565949 0.7325842241778728 6.558411705987524E-13 7.677887410919269E-8 0.17275390417543393 2.766592787517924E-8 2.59541856305889E-15 2.5955602941743348E-5 5.15372362316641E-5 1.6918990892119728E-20 6.389000269518664E-4 2.7480528775471897E-6 2.5614156250251455E-30 0.009120318495988896] [0.9138314391962099 3.217979124306477E-11 5.226886964954678E-6 8.899538857820099E-6 2.3928734618621468E-4 1.6470156973196632E-16 0.004178490123396086 4.135215715327719E-21 2.746161710601537E-9 3.309428009496106E-7 6.171654105826637E-10 2.5555755297359236E-34 0.008629658795751437 0.010230915566221327 1.817671881095977E-48 0.0628757482081044] [1.5369731030133974E-15 2.2442455493031118E-18 3.792891484085177E-14 1.036357869735707E-25 2.0706990998708148E-39 0.0013282131204794528 1.4788654313663519E-22 0.011494000930954233 2.1072322013955633E-32 1.1596697400181424E-4 0.1033072109160729 0.662936937352853 7.350182907159805E-43 1.8963082050224373E-15 0.001147433814160244 0.21967023689143694] [1.1598516674771413E-4 8.49305394700562E-32 0.9377443428413761 2.5850165401271526E-31 2.0708869861839452E-14 3.5085863342141267E-13 7.496756706838185E-8 9.482812768727878E-5 1.0569921590082274E-18 0.03134230194511841 0.0010172480733731477 1.11607143102961E-12 1.0834978075610428E-47 2.3897586835549354E-4 4.512306465269883E-25 0.02944624300828714] [4.864375742086392E-6 0.43017476477187155 0.009847457038114573 0.5008809596055543 2.668635736649594E-18 0.0028416487772728984 0.0010275556569206712 4.784598271399316E-4 1.286065182578551E-18 4.732418516862941E-4 0.029959564416269714 8.923283875946588E-11 6.362879226372142E-6 1.979425367057481E-8 2.5177123544696786E-17 0.024305100916715106] [4.0424635899011836E-17 1.3936680968663487E-24 3.116475347359402E-16 1.2317831779812349E-32 9.946556932538026E-42 3.83748132800109E-5 6.995325119031149E-26 0.0012009494030520574 4.627609403300054E-34 2.280312350822747E-5 0.016693954915016573 0.7710763909890485 4.594131192694513E-52 2.1419348119492415E-16 0.006325332549739164 0.2046421942063549] [8.582821334313093E-8 0.9336099485128955 6.301982823994801E-4 0.033713911595199327 2.4929003786888203E-23 0.001024826632650151 1.346044186698416E-6 0.005507895117153676 6.057357686414771E-23 0.0016983136507103755 0.016324619867460755 5.514759030624604E-9 1.06600447871432E-9 7.681615569226055E-10 7.123620301220034E-17 0.0074888471202057254] [3.085448852910783E-5 2.5625107012871343E-35 8.929442380802565E-33 4.000646540394185E-23 0.8567929717450482 1.552915529204648E-39 2.556643039206813E-13 2.4992333591638846E-61 0.0010770097429037592 1.7104899141561312E-29 5.394204591825404E-34 1.7605444801925688E-95 0.014940494164230038 8.15834468344322E-5 6.526293095629012E-104 0.12707708641219886] [1.793822281085747E-4 0.10568205000081944 0.04392501339795722 0.7738065262092506 2.197304915375037E-18 7.284173877977399E-4 0.0020293472814960738 7.953677890305762E-4 2.4893989016487918E-18 2.9574273528587764E-4 0.024328294995069468 2.9826684013694854E-14 6.505248949741721E-7 3.85772683117427E-8 1.6512768379073626E-21 0.04822916887299136] [0.24740074141266907 5.94541638691008E-15 5.43727198612614E-11 5.596692616136211E-7 4.13927198298106E-5 7.241345247048418E-20 0.018606318085673985 1.2342457849119932E-27 1.5021510868404505E-8 1.9822668086942945E-14 6.102309004692049E-16 1.2435536569395644E-52 0.6023592419179233 4.163524271136516E-4 5.398980429726551E-62 0.13117537869161844] [0.26559714567059695 4.74704448744626E-9 7.365043114547211E-5 0.0010721655560451359 2.7745358794880215E-8 1.6772617692353043E-13 0.6919697004104297 1.992520387576654E-16 1.0913673513969055E-11 6.924368103029532E-9 1.3926866549301537E-9 1.383667705114282E-35 0.005227336701676273 2.2096847780386864E-4 2.3464337176900683E-46 0.03583899193176302] [7.445185600240699E-5 1.1789139897242912E-7 0.7221508930779016 5.422774915761179E-8 1.0836725370604028E-16 5.965354460387116E-5 0.0015977015920963947 0.019258934940008104 2.2188890000023144E-18 0.02776833093749266 0.1704837291644281 1.2590326419289595E-9 4.401056026138144E-16 3.65656171476763E-6 3.340927515148525E-19 0.05860247494757084] [0.5428643157946813 8.955619336619131E-10 1.1554498360809668E-4 4.866018511508753E-4 4.7441880450794113E-7 1.8652923823819112E-13 0.42226913738586896 6.379402281407875E-17 1.405139278755191E-10 1.1415733352630244E-8 4.215641498417876E-9 1.579777428216247E-34 0.0054143493786983285 2.0941299800294577E-4 5.87621397727468E-45 0.028640146521547855] [8.712863356638885E-16 3.728263418390578E-5 2.4844371120878154E-15 4.273414834053265E-11 1.1990761819646737E-38 0.9750809479713136 1.4808634867162495E-19 5.406701167300752E-5 1.3880131349615846E-30 1.9583328718680122E-7 0.010722077458655622 1.66946534770206E-4 6.621771093587463E-21 1.366200188078786E-17 3.177541134922595E-4 0.013620728399886808] [2.288133067591083E-9 0.0015479409342469643 4.487160247352102E-8 7.544344021524609E-6 4.811692614986555E-30 0.48646704173705835 3.281823824032821E-12 0.010250212531309729 6.547584326677775E-25 2.9167803364445823E-5 0.4250172405435289 2.7737168543420015E-8 7.977190684561043E-16 1.5381964658852933E-13 9.681347180615758E-11 0.07668077710931605] [5.926778598726347E-13 0.00768431519902005 5.068645780450033E-14 6.589677716284487E-6 1.036355560668137E-36 0.944684561780595 3.546838592201833E-18 2.8812769954413896E-6 2.266000835000153E-28 6.020469108494505E-8 0.016790497253149836 2.3561054500227415E-9 3.3704833516633145E-15 5.369520741731988E-18 1.3999060168082283E-7 0.03083095226047848] [4.391333472222568E-6 2.0824662865299743E-41 9.822591759831634E-38 4.508735045501335E-28 0.9659583560174083 3.082705003760875E-43 3.0777335268558046E-18 1.8229337119619738E-68 0.018257172144099443 1.5762718920167517E-32 2.0059084863103404E-36 1.1874003263695486E-101 1.2932136206781017E-5 1.0802590862220542E-6 3.9532981619500126E-109 0.01576606810972689] [1.5307722730463907E-49 4.872287257817196E-149 1.0958806342413376E-178 1.1273904647935217E-126 3.2974264756024925E-19 4.091613798529525E-135 2.0510610387724473E-99 1.1273741743964357E-244 0.6377187226825188 8.303539618720337E-122 4.775421898604962E-133 5.719218705E-315 9.527562426431225E-32 2.359821984382109E-28 7.6974491552591905E-295 0.36228127731748117] [9.414687196677366E-5 3.442057363040973E-52 5.78480945495178E-35 1.1817150405691064E-40 0.9142112301844363 1.0593951905366399E-45 1.653300267979277E-24 1.3591032813782585E-65 0.002266953320697555 3.09339044060332E-26 1.0414102683042287E-32 1.2296299833595824E-89 1.2601552026750955E-26 4.227042245738556E-5 3.415330549451548E-103 0.0833853992004419] [2.027899117416912E-14 1.20050724452603E-63 4.232026335814238E-67 6.592521773035079E-47 0.01163291600345134 7.581575375189003E-64 7.1286817885431435E-34 2.643611143773335E-107 0.9765201300738698 9.748480208153019E-53 2.7198054837518706E-58 3.9388903495251944E-151 7.497194748522031E-8 3.127530404516926E-11 1.8710682140959225E-152 0.011846878919435798] [6.228655339339759E-7 6.888053478230411E-45 6.733052891031303E-43 2.18846938988069E-29 0.7368975922849197 3.6069042770463096E-45 1.7223971993752803E-21 8.9864717432443E-76 0.24735873662815047 7.22318553971859E-36 2.2951812928848104E-38 1.1657574417440127E-108 7.791259918649625E-4 5.9371732777846124E-9 1.2756747645566343E-111 0.014963916292357876] [2.1331632311143187E-24 4.032546907230956E-8 1.0867373901488777E-29 3.86122000085939E-18 3.5369414382268354E-53 0.06117286970089633 5.516121808630268E-34 4.1546290410625874E-13 2.1974370129357535E-38 1.2556612479234487E-12 1.1795802977301796E-6 1.3281084755834875E-6 6.0538563078354854E-27 5.703715540723635E-25 0.9213959352968049 0.017428646986385313] [5.659756574782144E-21 1.6287733063831122E-84 1.55925006250363E-94 2.490206025937947E-64 7.851403903375322E-10 2.648445240891913E-81 4.4234444662814993E-63 1.5783639086677127E-143 0.999825332981477 1.7016786892199372E-64 2.229583014566655E-70 6.922771931549077E-177 8.03293678278138E-17 5.931668376957742E-22 9.000079207022207E-174 1.7466623338245076E-4] [1.5035738654705146E-57 1.5344929232403316E-166 2.185862249367911E-202 8.771624769395235E-142 2.090701934678686E-24 1.6678490922194455E-148 1.0432837243779305E-114 4.395102916182498E-273 0.9659463440302005 2.3504626707811456E-138 2.0410765259000202E-148 0.0 7.096865448893505E-36 1.3842600739823143E-35 0.0 0.034053655969799444] [0.08994473433252469 1.560695402399584E-16 5.163753586874362E-12 1.859351554818162E-7 9.247489177673866E-5 5.750625542670399E-20 4.630587049631625E-4 1.4517696811408438E-29 5.34814034152981E-8 4.221142256430746E-15 1.9772218461437267E-15 1.1953918433757766E-51 0.9000501079084364 7.533014289486231E-6 5.04777316823369E-59 0.009441851726280507] [3.7674111852331366E-4 0.005101013983029411 0.02206139964479041 0.9507052545213832 2.8324756109427604E-15 1.4865973285886016E-6 0.013871435935806361 3.176607095275007E-7 1.1370424834155433E-16 1.547848989914509E-5 1.7735139007149048E-4 1.5910441816450466E-18 9.402823605917241E-5 1.0352341544323967E-7 1.6864987491918796E-26 0.007595388898981116] [9.113375526009333E-36 8.132358960303995E-21 8.758133518494116E-53 2.0166425960526347E-31 2.1371020999269802E-69 1.3672570771906428E-6 2.785898217394671E-53 3.8194006545411394E-32 2.8591721138159452E-46 1.6361020846344238E-24 3.106648437869653E-14 7.66818513637599E-21 1.0374789882046096E-35 9.23441220422387E-37 0.9983272592081671 0.001671373534724689] [1.7508428280095682E-7 0.6742158965968142 1.5580150782529067E-4 0.16016935141645325 1.9524910728877404E-22 0.05734451232881572 3.424908250804081E-6 0.0019495092068955182 7.033640255136486E-21 1.1124768795961651E-4 0.075607590824566 1.4674323230028792E-9 9.539085292817922E-8 1.5868902039641866E-10 8.686450813194224E-14 0.030442393421075336] [1.1689776178855193E-9 0.4071546823362922 7.175633028116651E-7 8.898507826562681E-4 2.4586156565769113E-28 0.3742417817707928 2.994965221305823E-10 0.03243104597805062 1.3085037546069675E-24 8.725193071684251E-5 0.16747640413920833 7.606952902023583E-7 2.4710984851413815E-12 1.1578856488393403E-12 7.12806317488516E-11 0.01771750326030606] [0.4251865300420566 2.1801475708360088E-7 0.001202928009641222 0.024305311868557892 8.271211526618048E-7 6.300655467915945E-13 0.3038409982656545 6.503084404360196E-16 9.115630174174342E-11 5.153688507826958E-7 2.213368170944083E-8 1.6752800329280718E-30 0.20122972194189465 4.606058158605922E-4 3.744944787710354E-42 0.04377232132610512] [0.05088007564803366 5.818187466271498E-5 0.027732360114791094 0.32070257882173625 7.916516875528518E-13 1.9564960327867837E-6 0.42776235535163637 2.2196444665021212E-8 4.681102219486791E-14 5.821084474214033E-6 5.360441381277698E-4 8.796296004177578E-23 1.960703685381898E-4 2.1673726864220414E-6 2.053856120796837E-29 0.1721223665319974] [0.42178833165176616 1.6043182831206787E-10 2.1995927777159042E-6 7.296709657158144E-4 4.8684216160587065E-6 2.022569598410242E-15 0.06426425079024617 1.451683919235072E-20 1.1874439151692527E-9 4.0836890518768877E-10 4.869772887871426E-11 8.453266250319404E-39 0.4850669839554217 1.0598730457928675E-4 8.311195094244641E-49 0.028037705512932755] [0.6536840302426814 1.9023879625030986E-17 7.102024446737281E-13 2.8494389711774327E-9 0.046164822837251505 4.849591902122662E-23 4.729868963079075E-7 4.6400549213799186E-33 5.403642679999583E-6 4.3928564037870515E-13 5.305077382423397E-16 2.0493443277324745E-50 0.26322549617586644 5.844478558118639E-4 4.008185334366543E-63 0.03633532340822358] [5.088144498414456E-5 8.32090951286305E-37 4.7913537528937933E-35 6.6109989306104645E-25 0.949072492380191 2.167994744119599E-42 2.2632388246004075E-20 4.7476382716589823E-66 0.003372294874694735 4.7793711605551295E-27 3.3832647819496365E-33 3.750704267597195E-91 2.2060155974159643E-4 8.97848598180163E-6 2.0398268174999851E-103 0.047274751254406736] [3.874052293136616E-15 0.014820661808534771 1.1738212820168926E-13 1.1405493328449867E-7 4.0533406690818904E-35 0.9735387385681613 3.7369247044618723E-16 3.110358277465428E-5 9.3868681651418E-29 2.1236594589387106E-7 0.0034158101803198272 3.885296700068294E-5 4.099718306700913E-15 2.452226064485039E-16 3.866977219183702E-5 0.008115836700011828] [0.0017206830576387791 7.496547741940308E-31 6.3832533149934615E-27 1.1542954961861054E-19 0.970058434515673 1.6455840424743063E-35 3.67664237226155E-13 7.345960925025527E-54 7.179806933097127E-4 4.6068715188508705E-24 2.890002952399935E-28 4.576194415138194E-81 0.0036803608970371656 6.465541414785922E-5 3.708094948979348E-92 0.023757885421825612] [9.782098103594892E-10 2.9578671911979586E-4 1.6806756899801722E-6 4.563752850058508E-7 3.4427134069713985E-26 0.42466180596558367 4.278195904282537E-9 0.04503493504867552 1.9434553237760033E-23 2.0937204883202297E-4 0.48605823661063696 1.739594158299658E-5 2.8866086311750726E-15 2.5177734843423358E-11 4.057213267318443E-9 0.04372032127579441] [1.687203223896081E-11 0.18207653574226448 5.085845415030405E-9 1.7312899146128543E-4 2.8400770843642416E-29 0.7659131279850676 3.044705604408362E-11 9.051149562572118E-4 3.855283263567405E-25 6.384856437399388E-6 0.03692393895460981 1.9819937017194407E-6 1.3689501384789557E-11 1.1095360805205156E-13 3.4451244562110116E-8 0.013999746921990986] [1.2340386654671768E-67 4.742213747209157E-189 5.944629962196758E-235 1.071553500691178E-164 1.4747159365357814E-31 1.215139546861229E-168 9.149137626910024E-138 7.339534672514E-312 0.07580941955401069 2.6029529395686453E-155 2.4784429805414867E-168 0.0 2.066639929469775E-44 1.4577324815926292E-40 0.0 0.9241905804459892] [2.170338432097705E-10 0.7073318388033674 3.5164504438358572E-6 1.0351922303972217E-4 1.0818315805758462E-23 0.11943196836877755 5.681694429250119E-7 0.006259606545785511 4.8397969441590706E-23 0.00377617162049837 0.08573405149634077 8.584473752495142E-4 7.503582749346297E-10 4.059644238957896E-9 4.896270421847334E-10 0.0765003064303911] [6.660168755791468E-20 1.4001165726476458E-7 7.676938431917899E-23 1.0161788390746076E-13 2.816955878925536E-43 0.8229440295975371 2.2308153263699333E-24 7.525767489620995E-11 1.2439666172575763E-32 1.6848043229944588E-11 9.106269625186872E-5 3.870443317202919E-8 1.460082508364541E-20 2.6243650441218575E-21 0.1655879520274743 0.011376776870438898] [7.206103992087126E-11 0.9076258854888666 1.5244968013635793E-7 3.322457825678543E-4 8.076283496372403E-30 0.04424610593646445 2.800834412694737E-11 0.01628007379796576 1.8898295698623186E-26 1.081759760891934E-4 0.02804475806356415 4.144446840040167E-6 5.122058212292609E-13 4.382050577871883E-13 1.5852104548933884E-11 0.0033584579410903576] [0.474787113075776 7.174546903878782E-38 7.1481996665243565E-6 1.5443492080243897E-32 8.512548330682153E-5 3.314191462873615E-23 4.946698425704198E-8 1.3049636669809308E-20 2.53332700039542E-11 8.713563041498018E-7 7.227814817471934E-11 1.9075304474008458E-35 1.2215856248155793E-40 0.37001110460102243 4.663396589464141E-51 0.1551085877193284] [8.062653050885282E-8 0.4894097855344526 4.797161666499752E-5 0.056606137424739154 1.9983188779307573E-23 0.22184237952155272 9.508995737332202E-7 0.00407826442968152 2.3952820728268626E-21 9.832480871132238E-5 0.19120212808157697 6.358615167432528E-9 1.9274091983154302E-8 6.788215884025504E-11 1.4068866834763746E-12 0.03671395135451983] [0.16583072188254414 2.914617957034011E-20 3.7468641134870596E-16 1.3873990720297286E-10 0.04947416291781149 1.663179961901919E-24 2.3889446592351953E-9 7.468014252619397E-38 4.0095023656706275E-5 1.975338374067514E-15 1.904991773305903E-17 5.468618566289047E-55 0.7573553602287124 1.3146192076249272E-5 1.2760105750057074E-64 0.027286511227512193] [1.7316921797071306E-31 1.739993418095643E-14 9.443520111284985E-43 9.728695652271146E-26 1.1219301016346256E-62 1.3667104188728663E-4 7.436981132084001E-45 2.6796622717365335E-23 3.3533760260907634E-43 2.356365894619014E-19 1.9750627737133598E-11 1.0019283429591338E-13 8.405733537973181E-32 1.9356959274114155E-31 0.9963252055555822 0.003538123382662215] [9.765483187267173E-16 2.1069362771879996E-7 4.3720360526168703E-16 5.843604198149893E-12 8.662592471312592E-37 0.9785590250327365 2.0733340708146336E-18 7.46733919937112E-7 3.5152898655027584E-29 1.0614034582260989E-8 0.007265513653774085 7.677891116297548E-7 3.477408397175371E-20 1.1871931097786057E-17 9.584876139927726E-4 0.013215237862957892] [1.8011400264857712E-4 0.0017996441345803315 3.5377149443834537E-4 0.8655160813602454 3.975136367759624E-18 0.0020254783114261386 7.917340102973443E-4 1.098242651545461E-6 2.9865732060722765E-17 3.923767628742117E-6 0.021437751120261722 9.016131542802237E-18 2.4648629855256447E-5 1.9109756323582164E-9 1.932576764471961E-20 0.10786575301499086] [8.42448610739605E-6 8.805251113571034E-27 0.4762407860023263 1.0130148584144726E-27 1.253138069194736E-18 3.2971037379726922E-9 1.8638225663920412E-8 0.23618153533231545 8.267510007353878E-21 0.09974397465074217 0.08806316622288916 4.2188122408836E-8 7.96601893030639E-45 5.511695265848814E-6 4.175266423143297E-18 0.09975653748690194] [2.1293000703979317E-23 1.772377814534441E-18 1.9334927011284383E-28 9.421242042627806E-28 3.977747050033786E-52 9.571207337207745E-4 7.122286749059484E-35 3.819788600434273E-12 4.48561221000064E-38 4.509673016035259E-12 6.8964632152209E-6 1.4263322562096035E-6 4.872531282350293E-41 3.597016026048273E-24 0.9749018622006235 0.024132694261854697] [1.3479783843498447E-17 1.5712522076783422E-74 6.037820538328494E-83 5.761007671947989E-57 9.740025335741428E-8 2.1494254718263518E-75 3.3156182118281103E-56 4.644424935142364E-129 0.9990869674088299 1.1415729314319684E-56 2.6451773702158065E-64 2.3884746853096894E-160 7.664596573276751E-15 4.521583784153667E-18 1.1617791812621644E-163 9.129351909091497E-4] [4.717982589978413E-16 8.923375855291463E-5 1.9149467470526813E-16 6.027966046641989E-9 1.9666482068649654E-36 0.9863361224672635 6.022145649901713E-18 5.797982302178354E-8 5.970363856455039E-29 3.1955741109697587E-9 0.0011777127433837947 9.969289092896136E-8 1.3184072075960527E-15 4.753319158484969E-18 6.653686753909174E-4 0.011731395459152603] [0.07372655420777663 4.7739920302984856E-6 0.12074893432200139 0.011913197057061585 1.5906242598074718E-9 2.997724953310752E-9 0.763448123680715 3.3283176580530627E-10 7.360854304940153E-13 4.6533071156416876E-5 3.101265760734921E-5 2.1706088279728003E-22 1.432022021979854E-4 1.2835064217537852E-4 2.636902000886355E-33 0.029809313245360847] [9.632729880383083E-9 8.810019568604757E-48 1.2907812560607445E-47 2.3007391926793077E-33 0.8146482705837085 1.4459980574282555E-50 1.3758074587889677E-22 5.591517989880563E-82 0.12152563521432247 2.0316769645035577E-39 1.2508328658350582E-44 5.7253007528762944E-120 1.4352451526560735E-4 2.0801611392899693E-7 9.014280946856039E-126 0.0636823520378594] [4.066856148719602E-5 7.732666882810401E-37 1.661639481692444E-34 1.3606662741170728E-23 0.9536393121917336 1.8903982490700994E-40 1.3051071395188906E-17 1.2477971872802552E-64 0.01842620934081753 9.989082079835011E-30 1.7732583554599E-33 3.379515878940947E-94 0.010065303919936331 4.4236670710388417E-7 9.744703791332289E-102 0.01782806361931805] [0.0015986461562415464 4.840143643218751E-4 0.006020363336371199 0.940952170797813 3.3327127648214416E-14 1.0419912016425783E-6 0.03664100989190003 1.1778377273429505E-8 1.79440423848523E-15 2.260523275236363E-6 1.2870405022062244E-4 3.3001745021543638E-21 7.994881423862146E-4 1.1096537336050431E-7 7.8801668739356995E-28 0.013372178002482847] [9.34988538321932E-23 9.202853315150506E-8 1.7391293395424333E-26 1.0886730429821856E-16 1.2903404274111678E-48 0.22903803544612278 2.511750423635851E-29 1.4305629589731006E-11 6.343383620195554E-36 6.5570346469221646E-12 6.128931673129357E-6 2.0811338950327705E-6 1.7974744352482345E-24 7.87074587900574E-23 0.7537319659009853 0.017221696537927784] [2.40486655841827E-16 1.166718340850488E-71 5.146498222512416E-81 1.7629002486417175E-55 4.240330280701641E-8 1.4180550536646914E-74 1.8321943516465076E-58 8.791904512476012E-127 0.9959011234014848 9.106973161626718E-53 9.836586109810568E-62 6.030457838802355E-153 2.2397788610598114E-15 2.199959103127814E-17 3.546301989121881E-160 0.004098834195209994] [0.9682819172424315 7.304910310682264E-14 1.3432414515201576E-7 1.9485074447693334E-7 7.555109957991767E-4 3.790007871280705E-18 6.565277799930217E-4 8.487404119334422E-24 2.9240093512391987E-8 1.8862394083302598E-9 1.1330791628926963E-11 2.216873676370752E-39 0.0012285038741848828 0.001985986067472005 1.696157948301896E-52 0.027091193727492958] [5.970440273263918E-4 1.5833278528727215E-36 1.0092303753146502E-32 2.235949555479897E-25 0.9293894175053292 1.004756237897839E-40 7.753208229642967E-22 7.347646149729283E-63 0.010247267798218319 3.921524202066561E-24 4.179583646088324E-30 1.5170964405039746E-83 1.8844941562397872E-7 8.908947351920152E-6 2.5062004975109366E-97 0.0597571732723584] [1.3930393431009192E-7 1.4470117988346527E-47 4.231287133391067E-51 9.200144707312834E-35 0.0011505818478322024 2.296847929059531E-53 3.63883452214304E-40 3.448414735007559E-88 0.8309117495623805 3.1846673889230493E-32 3.320667453850539E-40 3.698521602732637E-104 3.6080027172097445E-9 6.009761285560248E-11 6.183875315115309E-117 0.1679375256177527] [1.831289335802931E-4 0.07759651101988509 0.2995019025655993 0.5564487129582347 1.2366519744022338E-14 6.6079527283432564E-6 0.03574919055546327 1.428642456767464E-5 5.721307245440532E-17 0.0028859914074559644 0.0021535481830198765 2.2885487795434237E-13 3.551318124225076E-5 2.7595715153373414E-6 2.5396338671362985E-23 0.02542184724646671] [0.27121544783088847 9.665428845823759E-12 2.1751212691648044E-7 2.4918531687906923E-4 8.21231412314005E-6 2.4499829774604184E-15 0.011397549991960142 4.808020337792138E-22 3.909502060353622E-9 9.975778650874662E-11 7.284217883597146E-11 3.221801000511962E-39 0.6939483415168324 1.7033868904322565E-5 2.738637808736101E-47 0.023164007556515646] [0.7815188942392163 5.260627931655684E-9 1.04772637353783E-4 6.270273875928486E-4 4.492534897035364E-5 1.3360254026879377E-13 0.014097645125153926 4.0814428108210225E-18 4.606517507792393E-9 1.2576826410819514E-6 4.4089952127564966E-8 7.674804166530273E-30 0.10991719205759819 0.0015264715886714711 5.760242401744147E-42 0.09216175997557077] [0.3064972134385445 7.05685082825069E-26 2.0698734612109816E-18 1.2773343919903037E-15 0.6376302114507841 1.620021112339307E-27 4.493295585618393E-10 1.8378128467373079E-41 3.9633403391341415E-4 2.0793586902408478E-17 1.1359504152872683E-19 4.0453949746100785E-62 3.7845909128799716E-5 1.0764513428309405E-4 2.57709194809498E-72 0.055330749584015196] [0.16430778067279048 3.878888166106843E-6 0.008335961812211488 0.10705672741653302 2.1428604389684518E-8 1.651881203506706E-11 0.6384030295872801 1.6915666219033322E-13 4.588720149354187E-12 1.9051236587541596E-6 1.8143128654039065E-7 6.746027091528213E-28 0.048631900829121624 1.686789861613804E-4 3.595446780675747E-39 0.033089933802909394] [0.9286794852268861 1.2511387667724358E-25 1.6446220858577347E-9 2.1308753364934134E-18 0.0018314130216946591 1.6636837014608166E-22 2.703468113206522E-5 1.1177923010524002E-26 2.0206587623562436E-8 1.2526756158788E-11 2.7472262939303074E-14 3.908297823196733E-47 4.7767988453623537E-17 0.015249463191736536 2.827720370911472E-60 0.05421258201478669] [0.48974479811292876 1.5017038301124785E-14 4.13492936088401E-10 4.923345348403405E-7 3.734899199900765E-4 3.433826783964838E-20 0.012428481350901738 2.819426952170466E-27 1.837962871730163E-8 8.028226038985722E-13 3.961953441164472E-15 1.0640429378172535E-49 0.4307359812150046 0.0025240243283858477 2.222981782313816E-61 0.06419271394431067] [0.9202039797923443 1.2561950113811257E-21 2.947620972934318E-8 5.635216688278161E-15 4.914388051814699E-4 9.435164195476334E-21 4.4784073039222876E-4 1.6026045433636701E-24 3.1426465453510545E-9 2.6017701610714683E-10 4.905972570066968E-13 6.9152478282619E-44 1.6370284162973447E-13 0.02436935257116778 1.6390985627537217E-57 0.05448735522122081] [7.138329634817035E-24 9.756756272166517E-93 1.5717518543480654E-95 7.899160059387188E-74 1.0219045875804474E-5 3.327761404412195E-83 1.837521290373031E-47 6.744948663687345E-142 0.9922399733895986 3.721795067264247E-73 4.610594862712795E-79 9.010990128620907E-199 3.0885414458350215E-21 1.0641805551023802E-14 1.094963851490266E-192 0.007749807564514849] [0.7301373020092836 1.1233335188250978E-17 1.997637853468812E-12 1.9423196133558387E-9 0.009428628226252034 1.3466109037505044E-22 0.0016790552425751976 2.275198623008894E-31 4.072960654846931E-7 1.9733325502059608E-14 4.849310863433881E-17 2.172680354788108E-55 0.10619821888102668 0.008548052192197687 3.839970527795396E-67 0.1440083342082623] [0.06333521687377566 3.7993828694744156E-31 0.7617156150255202 2.3807718466209004E-28 2.658241297579425E-10 1.435304314033883E-15 1.365343834741081E-5 9.963908904466198E-9 2.0289277725171096E-15 0.0016403967966747604 1.2812673640288024E-5 6.272992227683337E-22 8.970398849758912E-42 0.015159445495433278 1.9812985421460931E-35 0.15812284946687205] [2.533008210150427E-4 2.3497018997644943E-10 0.9447901520702465 5.656651774499577E-10 8.950110956135576E-16 6.45576416445479E-7 0.0014255568277321004 0.001242716791530416 3.463305264584785E-18 0.010736836886992023 0.018616944178168227 1.943632607403773E-12 1.273432547829721E-18 8.547278437316885E-6 3.9726205823282236E-23 0.02292529876688228] [1.5114582283032736E-8 1.779588192623826E-7 4.1827012817745356E-4 2.850756485735768E-10 1.7988651871305674E-24 0.002061515930060507 3.354897592084393E-8 0.5764073378006069 9.074837518757536E-24 0.011059052179929746 0.39218510676942686 2.9502717183740943E-5 8.070832257983218E-21 2.1797049215549534E-9 5.161086008371924E-13 0.017838985386940846] [8.476610903702182E-8 1.6562069255941043E-11 0.006064453468562433 4.283575397203821E-14 3.926698406079518E-21 1.608594905024372E-4 6.989734204935092E-7 0.36639592515873404 5.362280911851613E-22 0.07534961328797711 0.4927312057742276 8.710885434791759E-5 8.70962814175766E-25 2.499163587998298E-7 1.5518582071388048E-13 0.05920980029299994] [0.8969133264719383 5.373513680405758E-20 1.0757344568848585E-12 8.570214611414442E-12 0.05307276337801724 1.1448314838942192E-23 5.028176159901858E-6 1.4032725147381635E-32 2.355923885063635E-6 1.3422451170842904E-13 1.620564167865313E-16 9.664672347624423E-53 1.276505536516949E-4 0.0034141322995758345 1.094159714574725E-65 0.04646474318699174] [1.846666078665466E-23 2.5231961601651902E-160 2.1217537906151757E-14 4.1668617258758755E-168 3.8911126137522336E-41 3.417942110652841E-46 2.445212837008662E-53 6.058962294809512E-6 1.5165542181260632E-46 0.0013206330610179512 2.1609840157125216E-13 0.9977137092376813 2.1450460181892582E-243 1.885424707817253E-11 2.7814810338947973E-12 9.595987171329508E-4] [2.4423860424907865E-7 0.0011019966323596007 0.0037434004541313233 9.356452368551038E-6 1.0336076680064634E-22 0.005449029613348265 3.475152552785393E-6 0.256937651487562 1.1780109355289733E-22 0.03718729777415804 0.658952686681166 1.9594844328162025E-6 1.6375109422579722E-14 1.722459892051672E-8 8.648588748842313E-15 0.03661288480469233] [0.8794889779746304 5.896016068504144E-12 6.984934430445408E-5 2.973750810045151E-7 1.1333729743018606E-4 4.885648480943933E-15 0.002136639615848363 1.1425741005946565E-18 2.896346153509686E-9 5.054144684603045E-6 2.705443559775505E-8 8.101192788998115E-30 7.875772418252542E-6 0.010838441983545758 1.0351782003360714E-43 0.1073394965353741] [0.0033441047326121126 1.6095682197371507E-5 0.7788870708311261 4.871511040814947E-4 1.835976643228028E-13 2.574471355722094E-7 0.17346033565192256 5.156720967032239E-6 1.105234633568794E-16 0.006048063103400343 0.002913325992338005 3.472971048736591E-16 3.8971823022868E-9 6.938699770249866E-5 1.2360032333238162E-27 0.03476904783915066] [1.447952595790587E-9 2.679670517122406E-7 1.7310475350733373E-5 8.918501665361523E-11 8.613980068377767E-24 0.06101996852397964 5.49638471209298E-8 0.13941545635703406 1.4877224460260206E-22 0.00344355476870583 0.6460485913892099 9.397577403015342E-4 3.203760165411961E-19 3.847525170376678E-9 3.49026318667923E-9 0.14911502893959355] [1.9019446839195977E-5 4.866580930958644E-49 0.7847467161399655 5.790723284034046E-49 5.8628211354064415E-15 1.0854547234413696E-17 4.950648893659303E-12 1.258367246899524E-4 2.6201027968136315E-20 0.15419190476573927 2.0279731722258704E-4 1.899907752569396E-11 9.032453396868853E-73 0.0011302152210200121 9.511610482379636E-25 0.059583510360567714] [4.831564662996324E-10 0.008079873409841972 3.970981879621425E-7 3.339765441141111E-6 5.363532605897368E-29 0.04979211284720255 1.3954945790379306E-10 0.02583705647223655 9.687938458691957E-27 0.00986158965150331 0.8590651614638357 4.682402886435246E-5 1.1045073033515343E-15 3.006741121028352E-11 4.053552038844414E-11 0.0473136445695767] [2.0312219589373214E-4 0.10722222948412184 0.18529825651319215 0.6683020691295506 1.3393635123645903E-16 1.3696752390890834E-5 0.017763003297986666 9.911572775882207E-5 2.4412253657853403E-18 0.0016140441542159697 0.003759293127353688 1.7527488169869284E-14 3.468230822305626E-6 7.760684310304417E-7 1.983987793258093E-24 0.015720925318264776] [0.011881150823838305 4.337709148181357E-9 0.7054326571666475 2.202938695525268E-7 9.502802115582272E-14 6.714062538164852E-8 0.07393365289391517 6.8979111332075325E-6 5.1674366681639733E-17 0.012826181979681292 0.005698156355038302 2.2036828544972864E-17 3.452941856535429E-14 2.8589368788390924E-4 1.0862687093851249E-28 0.18993511740952843] [0.6918638712920356 7.492597416712648E-26 0.0088057150297131 9.194937078385272E-22 3.800421443809627E-6 5.030608140767092E-17 1.0937542729662159E-4 1.3075322820300342E-14 8.177617845398763E-12 1.2005038874929799E-4 2.1518611953378355E-7 2.714410497901794E-27 1.3048237293426714E-28 0.11869014647714832 6.258431041268882E-42 0.180406825769303] [1.7188926757764744E-6 5.034984087270777E-8 0.04206215870272173 1.4569046244566513E-9 5.358308785736764E-20 9.203246947957761E-4 1.8382810627719987E-5 0.30126052254702834 1.7763398169723558E-20 0.023264655095030225 0.5730530537283239 7.63226335690401E-7 5.821661300640253E-19 1.6163417181022025E-7 4.6206324264170165E-15 0.05941820686153887] [0.048121829788582086 1.4172214182701384E-6 0.061287020314578555 0.002484343082583354 2.0466061232266192E-10 3.242753192225629E-10 0.8616283513381455 1.896461585949767E-10 2.6790689126433348E-14 6.592104821090258E-5 8.609994380156724E-6 6.3003770859264256E-24 8.773236643357645E-6 3.2500375053172914E-4 5.393371616684049E-36 0.02606872950631712] [1.0674935635101129E-8 0.16040798887986232 2.307842777143643E-5 2.608400299483825E-4 6.321246484737236E-27 0.04686899127430949 6.9132473514353E-9 0.13456737162647892 5.712321501746609E-25 0.009100568750320092 0.6061902612016526 4.214140536003197E-6 1.7494247095589255E-13 1.4128341746733014E-10 5.334503256103945E-13 0.042576667938946045] [0.48400825408755316 2.9552962142964073E-13 0.0051797209650070114 5.432989927535805E-9 6.130955426114248E-9 6.388337333676713E-13 0.3486809067858574 5.852641832660194E-13 5.191731511487092E-13 2.9013700253702854E-6 2.3281095210171867E-7 2.7662115068232156E-30 3.6748052124493496E-12 0.004159147707146545 2.3244181508260557E-42 0.15796882470379967] [0.36543834939280156 2.2269685812743064E-11 2.9117739187104205E-5 4.950514251273185E-6 2.969366820809901E-7 6.560090645741651E-15 0.5504272648063071 8.056788772015762E-18 5.7102010077667245E-12 7.80060874342949E-8 1.5042302953773563E-9 7.969081157186488E-36 3.390184584837967E-5 0.005282134085969089 4.1857802875277416E-48 0.07878390514064935] [4.194464607367731E-27 7.955933725482315E-197 1.7060132490679745E-17 1.4322286521798943E-205 9.109496599236224E-47 1.3538585905783545E-56 6.993710338942074E-66 1.8927570154945413E-7 2.352693124382342E-52 1.2893266305150582E-4 7.794814201859359E-17 0.9993861977942465 2.45211372914796E-297 2.3674311243761495E-13 2.7783038786421782E-12 4.8468026398515164E-4] [0.8809510814144654 3.897447409707496E-22 2.7540777850217985E-4 4.682733435486317E-17 5.044898658008756E-6 1.9392695206846313E-17 0.0020064866168180936 3.820468266863476E-17 2.513513005761141E-11 6.323570676654222E-7 2.9388098671805087E-9 1.2994403374224013E-33 9.554448564605177E-21 0.035462004227242556 1.9873786349189145E-47 0.08129933974330117] [0.2689329851569394 1.4287741972774581E-33 2.815533977772306E-16 1.1480941691865185E-24 0.14911215938687522 4.7218689680830724E-29 1.515603697742488E-7 2.1920218901091125E-37 1.1180309437849739E-6 1.838076954893449E-16 3.1517223859572436E-20 2.4781824728936483E-63 5.396184904069494E-19 0.12874922646480544 5.575227368269722E-76 0.453204359400066] [0.9587313015826786 1.9021285182966536E-21 1.7397471837491522E-9 2.0074169683029147E-14 0.004314283461967526 1.3989147157032025E-21 8.494473436175179E-6 4.533096953607092E-27 7.990006023123265E-8 8.416607984682099E-11 1.5439716913009167E-13 2.400472582901781E-44 1.911920590162608E-11 0.0055954336288980755 5.316352904413914E-58 0.031350405109752476] [5.641487289332474E-26 5.182653995023718E-159 2.9701926905793288E-18 4.509902036255532E-168 8.04643644350768E-46 1.658223212948926E-45 7.280807099252522E-57 1.9605797958944385E-7 4.778549344184354E-49 4.312872237602272E-5 4.3272037162603406E-14 0.9992560293341869 1.093600168605366E-242 7.371876864392532E-14 2.3720672358816295E-10 7.006456481337411E-4] [3.989906608619525E-11 0.7912290903408069 2.273969320796943E-7 2.5354782926949456E-4 1.979274375767187E-27 0.16536956810237488 1.3550184404034297E-9 0.007643060623790363 8.54267550646901E-25 8.137044964773569E-5 0.027811895509803126 3.561499407112809E-5 3.210319998570749E-11 4.169470911230242E-12 1.1636394381747057E-9 0.007575622158474449] [1.992536802134511E-7 9.895004659030627E-5 0.0011887380594644784 9.938191985711298E-7 3.390514782060831E-19 0.03874582988085086 8.722295449627436E-5 0.013797162662617202 2.6489125116348165E-19 0.00763200762456906 0.639852253249677 6.4131764220585775E-6 1.3571803822503714E-12 2.1408303231107948E-7 3.5972238469660672E-12 0.29859001518444733] [0.49005328310398605 7.660243966170296E-17 3.2957941350986797E-12 9.312860737022102E-9 0.009949560800364056 8.957355173416477E-23 2.4225853971030517E-4 1.6456674106330621E-31 2.739791833525497E-7 1.0352428943825001E-13 9.241681903508584E-17 2.922556955447283E-53 0.4342373447024438 0.004072791695785741 8.739052501130886E-66 0.0614444778622663] [4.254161221109247E-8 1.738302344072211E-55 0.03803845026815471 2.1440594552019476E-57 1.6374022443281608E-22 7.350722502525271E-17 5.551908930679439E-17 0.6689204617925081 1.3517386289052512E-25 0.22791239242271163 0.001966303604770258 1.2778676971162471E-6 4.366594636338803E-88 1.903452215975153E-6 1.0030588736535736E-17 0.06315916805033002] [2.2054370452302562E-29 1.1281689986697057E-194 2.79864509284089E-21 1.235757822012067E-204 1.8870376506604356E-51 5.774899876107478E-5